NAME	= aspect
DESCRIPTION	= 
UNIT	= Degree
DATAFORMAT	= FLOAT
DATAFILE_OFFSET	= 0
BYTEORDER_BIG	= FALSE
TOPTOBOTTOM	= FALSE
POSITION_XMIN	= 574119.3693999999668449
POSITION_YMIN	= 5112313.7481000004336238
CELLCOUNT_X	= 1543
CELLCOUNT_Y	= 2735
CELLSIZE	= 5.0000000000000000
Z_FACTOR	= 1.000000
Z_OFFSET	= 0.000000
NODATA_VALUE	= -99999.000000;-99999.000000
